        1024        2044
           1         987
           2         483
           2         196
           3          27
           3          10
           4          39
           4         453
           5         275
           4         182
           5          23
           5          36
           6         480
           5         842
           7         889
           5          10
           9          10
           7          73
           9         138
           6         287
           8          52
           6         263
          12          44
          12          59
          13          37
           7          76
          11         499
          12         190
          14         607
           8         122
          16          57
           8         898
          17         125
          13          65
          14         982
           6        1015
          19          20
          16         482
          17         321
          19         206
          20         337
           7          23
          11          23
          17          67
          18         183
          13         826
          14          25
          16         400
          21         484
           4          27
          11          27
          20         464
          22         951
          18         528
          24         648
          21         292
          26         608
          26         456
          30         705
          26         297
          31         695
          11         197
          15         419
          12         463
          13         145
          15         441
          33         152
          18          36
          24          36
          14          37
          22          37
          33         971
          35         862
           8          39
          26          39
          18         165
          24         333
          24         475
          40         188
          21         123
          30         964
           9         896
          11         991
          13         315
          34         276
           9         438
          11         579
          20         164
          22         541
          31          92
          32         605
          34         708
          44         105
          32         975
          47         940
          17         202
          29          63
          22         314
          28         169
          26          52
          32          52
          30         495
          42         490
          16         253
          49         106
          31         720
          47         698
          44         553
          48         277
          17          57
          50          57
          35         598
          38          58
          14          59
          21          59
          29         530
          50         461
          47          91
          55         114
          38         226
          58         328
          50          63
          60          63
          50         449
          60          64
          19          65
          20          65
          38         266
          62         791
          24          67
          41          67
          47         454
          61         186
          58         542
          62         254
          61         829
          68         244
          68         491
          70         113
          31         487
          71          72
          33          73
          58          73
          70         428
          71         658
          61         341
          68         258
          15          76
          33          76
          33         676
          58         174
          30         262
          72         361
          15         517
          77         683
          40          80
          41          80
          72         860
          78         201
          49         371
          54         501
          44         520
          56         946
          54         149
          82         877
          56         952
          83         365
          62         350
          69         654
          68         222
          71         486
          70         523
          74         638
          82         117
          84         603
          28         882
          51         735
          61          91
          74          91
          71          92
          72          92
          22         866
          46         168
          42         445
          53         803
          55          95
          75         420
          71         304
          87         555
          24         843
          41        1004
          87        1007
          96          98
          78        1024
          81         558
          82         175
          89         316
          56         101
          83         469
          71         235
          74         774
          29         103
          60         103
          53         752
          94         225
          48        1003
          56         621
          84         106
          89         134
          47         884
          55         634
          70         119
         102         374
          81        1014
          99         109
          40         212
          80         110
          83         507
          85         111
          81         112
          99         550
         102         771
         108         289
          75         871
          95         595
          32         239
         100         115
          94         236
         104         467
          89         117
         100         387
          87         666
          96         890
         108         119
         113         119
          35         452
          69         176
          21         471
          78         682
          41         741
          97         845
          42         123
          94         123
          99         124
         112         848
          60         443
         103         756
          80         360
         110         440
          35         793
         120         358
          97         667
         122         265
         110         129
         126         732
          46         891
          93         251
         103         687
         125         131
          49         800
         106         215
         100         290
         115         389
         106         427
         132         307
          77         135
          79         238
         100         179
         133         269
         133         137
         136         988
          11         526
          45         462
          84         139
          89         474
          93         140
         130         140
          51         141
          90         354
         120         142
         127         712
          28         717
          51         146
          51         144
         143         318
          34         145
          48         145
         143         213
         144         208
         120         942
         127         394
          60         148
         125         148
          84         271
         139         326
          94         299
         116         423
         130         151
         140         477
          58         152
          77         152
          74         496
          88         584
         144         367
         146         601
         146         155
         154         273
         122         736
         128         375
         102         571
         113         237
          75         158
          95         158
         104         622
         116         372
          85         347
         111         160
          90         878
         141         923
         140         914
         151         573
          95         646
         114         163
          46         164
         151         164
          40         165
          41         165
         136         334
         137         210
          62         761
          86         245
          93         531
         130         168
          51         169
         144         169
         125         709
         131         170
          49         171
         132         519
          96         494
         118         630
         113         207
         157         581
          77         513
         152         174
         133         175
         137         175
         120         176
         127         727
         157         317
         173         177
         116         178
         159         713
         136         743
         166         203
         130         847
         151         604
         151         677
         162         397
          11         182
          38         182
          97         183
         128         183
          88         870
         153         184
         166         766
         179         406
          87         874
          98         777
          90         904
         141         187
          41         188
          80         188
         118         377
         172         189
          54         602
          82         836
         172         191
         189         303
          79         600
         135         883
         131         629
         170         861
         162         433
         181         575
          55         583
         107         799
          79         196
         192         196
          38         927
          66         197
         173         863
         177         769
         143         199
         154         567
         177         616
         198         259
          81         201
         112         201
          50         202
          64         649
         179         364
         185         885
         110         204
         129         356
          85         205
         160         763
         162         206
         181         206
         173         207
         177         207
         146         208
         155         208
         116         413
         150         503
         185         657
         203         302
         150         675
         209         879
         129         426
         204         212
         155         213
         208         213
         198         931
         200         918
         132         921
         171         715
          98         731
         186         411
         186         217
         216         398
          89         511
         117         284
          99         219
         109         219
          69        1000
         176         220
          45         481
         138         512
         118         222
         191         222
          86         827
         167         306
         200         296
         214         450
         104         225
         116         225
         167         278
         223         790
         185         432
         210         227
         181         623
         194         228
         139         294
         149         536
         172         651
         191         230
          45         941
         221         231
         210         232
         227         537
         181         844
         194         436
         216         924
         217         391
         102         235
         157         235
         209         994
         211         476
         157         237
         198         237
         135         238
         192         894
         115         239
         137         612
          53         734
         159         240
         151         737
         180         722
         107         509
         195         565
         108         479
         113         881
          88         244
         153         244
         167         775
         226         566
         217         246
         234         993
         157         505
         198         627
         128         498
         156         305
         160         957
         205         692
          74         723
         153         250
         130         251
         168         251
         117         740
         218         293
          54         253
          82         253
          69         254
          86         254
         109         255
         219         778
         216         295
         246         961
          83         257
         101         257
          75         393
         158         258
         200         259
         214         259
         195         260
         242         875
         223         261
         226         703
          78         262
         121         262
          19         263
          20         263
         180         399
         241         792
         128         265
         156         265
          66         266
         197         266
         218         628
         252         796
         189         268
         191         359
         136         269
         166         269
         218         981
         267         291
         149         271
         229        1021
         227         911
         232         770
         155         909
         208         273
         122         383
         156         274
          34         275
          83         275
          83         276
         111         276
          56         277
         105         277
         226         643
         261         801
         111         279
         276         279
         156         331
         248         488
         132         543
         134         343
         214         572
         224         282
         186         283
         256         379
         218         978
         252         336
         267         285
         270         285
         162         798
         233         286
          14         287
          25         867
         107         757
         195         288
         113         493
         243         311
         133         685
         137         552
         270         291
         285         291
          78         292
         262         292
         252         554
         284         833
         229         772
         271         797
         256         325
         283        1008
         224         296
         282         296
          32         297
         239         297
         221         718
         231         781
         150         299
         211         838
         256         839
         295         742
         233         564
         286         301
         210         614
         227         319
         191         539
         268         410
          96         304
         118         989
         248         305
         280         305
         223        1022
         261         446
         134         841
         281         522
         108         730
         289         308
         203         760
         302         853
         280         782
         305         447
         289         485
         308         451
         270         807
         285         880
         154        1009
         199         704
         141         314
         161         314
         101         315
         257         315
         100         660
         252         316
         200         317
         214         317
         154         318
         313         318
         302         559
         309         707
         231         320
         298         819
         150         321
         211         321
         137         645
         239         322
         167         679
         278         323
         267         806
         285         958
         295         935
         300         325
         149         326
         229         326
         281         327
         307         972
          62         328
          86         328
         138         764
         221         641
         307         967
         327         928
         280         437
         305         974
         242         332
         260         984
         204         749
         212         333
         166         334
         203         334
         137         335
         290         444
         284         336
         293         351
          22         337
         180         337
         219         659
         255         338
         293         633
         336         339
         261         340
         306         340
         158         341
         258         341
         127         913
         147         342
         281         343
         327         343
         214         711
         224         852
         224         345
         344         345
         205         510
         249         346
         249         347
         346         759
         309         348
         319         348
         195         349
         288         973
          86         350
         223         350
         336         561
         339         680
          48         738
         105         948
         344         353
         345         785
         141         725
         187         907
         308         355
         311         355
         204         356
         333         356
         187         540
         354         872
         127         358
         147         767
         268         359
         303         359
         126         855
         129         947
          99         361
         109         361
         288         414
         349         362
         248         363
         305         588
         309         364
         319         364
         205         365
         346         365
         135         597
         192         534
         154         367
         273         367
         156         653
         274         933
         327         369
         343         369
         290         370
         335         636
          89         371
         270         371
         159         372
         178         372
           9         950
          43         802
         243         374
         311         374
         280         473
         310         375
         286         376
         301         376
         189         377
         268         377
          85         378
         347         378
         283         379
         295         644
         346         762
         347         380
         126         381
         360         929
          79         661
         192         382
         274         383
         368         383
          88         384
         184         688
         156         849
         331         385
         241         714
         264         386
         252         387
         316         387
         159         618
         178         788
         335         787
         370         389
          28         390
          90         721
         234         391
         246         391
         349         574
         362        1001
         258         393
         341         393
         147         394
         358         394
         229         395
         294         668
         198         396
         282         396
         233         544
         286         397
         246         455
         300         596
         264         399
         386         854
         171         779
         215         765
          82         613
         190         435
          45         812
         329         932
         190         998
         401         403
         178         404
         388         404
         354         405
         357         405
         185         406
         203         406
         170         901
         193        1017
         300         664
         398         968
         329         409
         402         900
         303         693
         359         410
         256         699
         379         411
         216         652
         398         551
         209         413
         211         489
         362         809
         392         414
         184         850
         384         828
         384         640
         415         416
         114         609
         163         417
         300         691
         408         418
          77         419
         174         419
          95         999
         417         420
         370         421
         389         726
         274         422
         368         422
         211         423
         299         423
          96         424
         230         637
         147         903
         342         425
         212         426
         333         426
         134         427
         330         427
         153         428
         244         428
         211         429
         236         525
         178         430
         404         959
         215         431
         400         431
         227         432
         232         432
         194         433
         228         592
          69         434
         220         905
         401         820
         403         611
         233         930
         397         436
         331         437
         385         437
         221         617
         298         794
          86         570
         245         439
         126         440
         129         440
         127         620
         142         615
         255         886
         338         672
         125         887
         148         443
         335         444
         389         444
          94         719
         299         518
         306         647
         340         446
         310         547
         375         447
         400         856
         431         448
          64         449
         202         686
         224         450
         345         859
         311         451
         374         451
         142         582
         441         452
          25         453
         287         868
          68         454
         424         454
         398         455
         412         922
         242         656
         260         456
         264         457
         386         457
         392         458
         414         815
         163         459
         417         472
         230         996
         424         460
          60         461
         103         461
         329         462
         409         462
          48         463
         352         463
         199         464
         313         464
         294         465
         395         970
         163         466
         459         466
         116         817
         413         895
         415         468
         416        1005
         101         469
         257         469
         338         470
         442         470
         121         471
         262         471
         459         472
         466         472
         375         473
         447         473
         139         474
         326         474
          41         475
          97         475
         236         893
         429         814
         228         587
         433         477
         248         478
         363         936
         243         479
         374         479
          64         480
         202         480
         298         481
         438         481
          30         482
          42         482
          43         483
         373         483
         260         484
         332         484
         311         485
         374         485
          98         486
         234         486
         109         487
         255         487
         310         488
         447         488
         413         690
         467         489
         104         490
         159         490
         424         491
         460         491
         395         492
         465         966
         289         493
         308         493
         230         494
         460         753
          53         495
         388         495
         153         625
         184         496
         198         497
         247         497
         363         498
         478         498
         147         499
         425         499
         159         818
         240         500
         401         501
         435         851
         112         502
         124         502
         209         503
         413         503
         347         786
         378         662
         247         754
         497         505
         278         506
         323         506
         111         507
         279         507
         220         508
         434         508
         242         509
         456         509
         346         510
         380         963
         270         511
         312         511
         221         512
         409         512
         174         513
         419         513
         465         917
         492         514
         299         915
         445         562
         124         599
         502         642
         192         750
         366         563
         445        1013
         515         897
         171         519
         400         519
         257         520
         469         520
         118         783
         304         702
         307         522
         330         899
         184         523
         468         523
         412         524
         455         524
         429         577
         476         525
         138         526
         329         526
         285         939
         312         926
          29         528
         103         528
         354         529
         405         529
         148         530
         443         530
         168         531
         251         531
         412         532
         455         532
         300         533
         418         902
         366         534
         517         534
         260         831
         332         535
         395         536
         465         739
         232         537
         272         537
         455         965
         532         538
         303         539
         359         539
         357         540
         405         540
         180         541
         386         541
         434         542
         508         716
         281         543
         343         543
         397         544
         436        1018
          74         545
         250         825
         304         546
         521         590
         447         547
         488         547
         342         710
         425         548
         331         549
         385         549
         502         550
         516         983
         412         724
         524         551
         290         552
         370         552
         378        1011
         504         553
         293         554
         351         789
         172         555
         191         555
         476         938
         525         556
         388         557
         404         746
         516        1010
         550         558
         319         559
         348         559
         323         701
         506         560
         351         561
         554         561
         515         562
         518         562
         517         563
         534         563
         301         564
         376         564
         332         565
         535         565
         245         960
         439         566
         199         567
         464         567
         433         568
         477         631
         312         569
         527         569
         439         570
         566         570
         247         571
         497         571
         282         748
         396         572
         194         573
         433         573
         392         574
         414         574
         194         575
         228         575
         388         846
         557         576
         525         577
         556         577
         142         997
         452         578
         402         579
         409         995
         340         580
         446         580
         497         581
         505         837
         452         925
         578         745
         349         583
         362         583
         153         584
         496         584
         401         758
         403         908
         339         821
         351         586
         477         729
         568         944
         363         689
         478         869
         521        1006
         546         589
         546         590
         589         590
         105         678
         352         591
         568         592
         587         776
         425        1023
         548         912
         264         594
         386         594
         417         595
         420         595
         398         596
         455         596
         366         597
         534         597
         220         598
         508         598
         516         599
         558         599
         192         600
         382         910
         313         601
         464         601
         403         602
         585         992
         267         876
         324         603
         180         604
         399         980
         308         674
         355         605
         587         606
         592         606
         121         607
         471         607
         240         608
         500         768
         417         609
         420         609
         508         610
         542         962
         435         834
         501         611
         239         612
         322         612
         585         613
         602         613
         302         614
         559         614
         441         615
         452         615
         345         616
         353         616
         438         617
         481         617
         388         618
         557         813
         352         619
         591         619
         441         620
         452         620
         591         816
         619         805
         500         622
         608         622
         228         623
         592         623
         355         624
         605         624
         496         625
         584         625
         312         626
         527         626
         247         627
         571         627
         527         920
         569         628
         193         629
         407         629
         191         630
         359         630
         568         631
         592         631
         418         823
         533         632
         339         784
         586         633
         107         634
         195         634
         465         635
         536         635
         370         636
         421         636
         424         637
         460         637
         384         744
         416         638
         585         639
         602         639
         416         640
         468         640
         409         641
         462         641
         516         642
         558         642
         506         873
         560         643
         379         644
         411         644
         322         645
         612         645
         459         646
         466         755
         446         647
         580         647
         131         648
         629         648
         202         649
         449         649
         467         650
         489         650
         460         651
         494         651
         532         652
         538         652
         368         865
         422         653
         439         654
         566         654
         431         670
         448         655
         456         656
         509         656
         232         657
         537         657
         250         658
         545         658
         338         659
         470         659
         316         660
         387         660
         382         661
         600         804
         504         662
         553         662
         295         858
         325         663
         408         664
         418         664
         448         949
         655         665
         268         666
         410         666
         478         667
         588         667
         492         668
         514         668
         442         824
         470         669
         655         916
         665         670
         357         671
         540         671
         442         672
         470         672
         524         673
         551         673
         605         674
         624         674
         429         675
         556         675
         366         676
         597         676
         181         677
         623         677
         591         678
         619         678
         560         679
         643         679
         351         680
         586         680
          90         681
         390         681
         121         682
         471         682
         382         683
         661         683
         586         684
         633         684
         421         685
         636         685
         449         686
         649         686
         193         687
         407         687
         416         688
         638         688
         588         689
         667         728
         489         690
         650         976
         418         691
         664         691
         249         692
         347         692
         410         693
         666         693
         396         694
         572         694
         115         695
         239         695
         665         696
         670         990
         390         697
         681         979
          55         698
          95         698
         411         699
         644         699
         588         700
         689         733
         560         701
         643         985
         521         702
         589         702
         261         703
         340         703
         313         704
         464         704
          72         705
         112         705
         501         706
         611         706
         319         707
         348         707
         619         708
         621         835
         407         709
         687         709
         548         710
         593         710
         344         711
         353         711
         578         811
         582         822
         404         713
         430         986
         386         714
         399         714
         215         715
         448         715
         542         716
         610         716
         143         717
         199         717
         298         718
         481         718
         445         719
         518         719
         466         956
         646         720
         390         721
         697         721
         386         722
         457         722
         250         919
         545         723
         551         724
         673         724
         405         725
         529         725
         421         832
         636         864
         176         727
         220         727
         689         728
         700         728
         587         729
         606         729
         624         730
         674         730
         234         731
         391         731
         129         732
         426         732
         700         733
         728         733
         240         734
         608         830
         187         735
         529         735
         368         736
         653         736
         241         737
         594         737
         352         738
         619         738
         536         739
         635         739
         252         740
         387         740
         422         741
         653         741
         408         742
         664         742
         179         743
         364         743
         638         744
         688         744
         582         745
         712         745
         557         746
         576         746
         470         747
         669         747
         572         748
         694         748
         333         749
         426         749
         517         750
         534         750
         325         906
         663         751
         557         752
         618         752
         494         753
         651         753
         505         754
         581         943
         646         755
         720         755
         170         756
         407         756
         362         757
         392         757
         585         758
         639         758
         504         759
         553         759
         348         760
         707         760
         323         761
         701         761
         380         762
         510         762
         380         763
         510         763
         329         764
         409         764
         448         765
         696         765
         272         766
         537         766
         358         767
         394         767
         608         768
         734         768
         214         769
         450         769
         272         770
         537         770
         173         771
         177         771
         294         772
         465         772
         546         773
         589         773
         177         774
         616         774
         245         775
         439         775
         592         776
         623         776
         217         777
         391         777
         255         778
         338         778
         400         779
         519         779
         231         780
         320         780
         298         781
         718         781
         310         782
         375         782
         521         783
         589         783
         633         784
         684         784
         353         785
         711         785
         504         786
         662         786
         389         787
         726        1019
         576         788
         746         788
         554         789
         561         789
         226         790
         643         790
          66         791
         197         791
         594         792
         737         792
         342         793
         425         793
         438         794
         617         794
         533         795
         632         795
         324         796
         603         796
         514         797
         668        1020
         376         798
         564         798
         195         799
         288         799
         327         934
         369         800
         278         801
         506         801
         373         802
         483         802
         430         803
         713         803
         661         804
         683         804
         621         805
         708         805
         324         806
         796         806
         569        1002
         628         807
         403         808
         639         808
         414         809
         458         809
         161         810
         314         810
         712        1012
         745         811
         402         812
         409         812
         618         813
         752         813
         556         814
         577         814
         458         815
         809         815
         621         816
         805         816
         650         817
         690         817
         500         818
         768         818
         320         819
         780         819
         435         820
         611         820
         586         821
         684         821
         712         822
         745         822
         632         823
         795         823
         669         824
         747         824
         545         825
         723         825
          25         826
         287         826
         223         827
         306         827
         415         828
         468         828
         545         829
         825         829
         734         830
         768         830
         535         831
         565         831
         726         832
         787         832
         684         833
         821         833
         611         834
         706         834
         708         835
         805         835
         190         836
         808         836
         581         837
         754         837
         515         838
         562         838
         533         839
         632         839
         112         840
         124         953
         330         841
         522         841
         780         842
         819         842
         128         843
         498         843
         301         844
         564         844
         385         845
         549        1016
         576         846
         746         846
         457         847
         722         847
         124         848
         840         848
         385         849
         549         849
         468         850
         828         954
         706         851
         834         851
         344         852
         345         852
         309         853
         364         853
         399         854
         604         854
         360         855
         381         977
         665         856
         670         856
         369         945
         800         857
         663         858
         751         858
         450         859
         769         859
         840         860
         848         860
         193         861
         687         861
          66         862
         197         862
         694         863
         748         863
         726         864
         787         864
         653         865
         736         865
          93         866
         140         866
         287         867
         453         867
         453         868
         867         868
         700         869
         728         869
         415         870
         828         870
         114         871
         163         871
         357         872
         671         872
         643         873
         701         873
         283         874
         663         874
         535         875
         565         875
         603         876
         796         876
         229         877
         395         877
         161         878
         314         878
         211         879
         429         879
         312         880
         527         880
         243         881
         479         881
         681         882
         697         882
         192         883
         238         883
         288         884
         458         884
         203         885
         302         885
         442         886
         824         886
         443         887
         530         887
         468         888
         850         888
         373         889
         483         889
         589         890
         783         890
         241         891
         737         891
         632         892
         795         969
         476         893
         525         893
         238         894
         883         894
         467         895
         650         895
          43         896
         802         896
         518         897
         562         897
         381         898
         855         898
         522         899
         841         899
         409         900
         579         900
         407         901
         687         901
         795         902
         892         902
         425         903
         593         903
         671         904
         872         904
         434         905
         508         905
         751         906
         858         955
         529         907
         735         907
         639         908
         808         908
         273         909
         367         909
         600         910
         804         910
         272         911
         766         911
         593         912
         710         912
         548         913
         912         913
         286         914
         397         914
         515         915
         838         915
         670         916
         696         916
         514         917
         797         917
         353         918
         711         918
         723         919
         825         919
         628         920
         807         920
         655         921
         665         921
         538         922
         652         922
         161         923
         810         923
         234         924
         486         924
         582         925
         822         925
         527         926
         626         926
         197         927
         862         927
         330         928
         899         928
         381         929
         898         929
         436         930
         544         930
         282         931
         748         931
         402         932
         900         932
         368         933
         422         933
         800         934
         857         934
         751         935
         906         935
         478         936
         667         936
         589         937
         773         937
         556         938
         814         938
         527         939
         569         939
         132         940
         519         940
         320         941
         819         941
         593         942
         912         942
         754         943
         837         943
         606         944
         729         944
         857         945
         934         945
         279         946
         507         946
         360         947
         929         947
         352         948
         619         948
         696         949
         916         949
         373         950
         802         950
         810         951
         923         951
         160         952
         763         952
         840         953
         860         953
         850         954
         888         954
         906         955
         935         955
         720         956
         755         956
         249         957
         346         957
         324         958
         796         958
         430         959
         803         959
         566         960
         654         960
         892         961
         902         961
         610         962
         716         962
         510         963
         763         963
          42         964
         490         964
         538         965
         922         965
         492         966
         668         966
         330         967
         899         967
         408         968
         418         968
         892         969
         902         969
         635         970
         739         970
         580         971
         647         971
         857         972
         945         972
         458         973
         884         973
         549         974
         845         974
         166         975
         203         975
         690         976
         817         976
         855         977
         898         977
         284         978
         336         978
         697         979
         721         979
         604         980
         854         980
         626         981
         926         981
         144         982
         169         982
         550         983
         558         983
         332         984
         484         984
         701         985
         761         985
         713         986
         803         986
         697         987
         882         987
         322         988
         645         988
         773         989
         937         989
         696         990
         765         990
          43         991
         802         991
         602         992
         639         992
         246         993
         391         993
         236         994
         525         994
         579         995
         900         995
         460         996
         491         996
         578         997
         811         997
         808         998
         908         998
         420         999
         609         999
         610        1000
         716        1000
         392        1001
         757        1001
         807        1002
         920        1002
         105        1003
         277        1003
          97        1004
         667        1004
         888        1005
         954        1005
         937        1006
         989        1006
         673        1007
         724        1007
         663        1008
         874        1008
         313        1009
         704        1009
         558        1010
         983        1010
         553        1011
         759        1011
         811        1012
         997        1012
         518        1013
         719        1013
         669        1014
         747        1014
          46        1015
         168        1015
         845        1016
         974        1016
         407        1017
         901        1017
         544        1018
         930        1018
         787        1019
         864        1019
         797        1020
         917        1020
         271        1021
         797        1021
         306        1022
         827        1022
         593        1023
         942        1023
         747        1024
         824        1024
